fx: 2079.73910150907
fy: 2080.01151697192
cx: 466.470046230910
cy: 394.022978676365
